0 0.156087 0.301977 0.135813 0.107825
0 0.329485 0.304870 0.114461 0.108262
0 0.485306 0.301306 0.115829 0.106483
0 0.653188 0.301753 0.130306 0.107378
0 0.816248 0.298637 0.125475 0.101145
0 0.879332 0.448335 0.142721 0.104703
0 0.721787 0.450786 0.074461 0.106920
0 0.608035 0.449672 0.059291 0.102029
0 0.449106 0.451899 0.148229 0.102924
0 0.260539 0.453460 0.124106 0.104256
0 0.095757 0.454797 0.125491 0.106930
0 0.127134 0.603158 0.123414 0.107815
0 0.316385 0.603382 0.168229 0.102914
0 0.518060 0.601374 0.142721 0.106930
0 0.681111 0.602268 0.128245 0.110489
0 0.844855 0.598928 0.119275 0.108262
0 0.794879 0.752856 0.142029 0.107815
0 0.621135 0.754860 0.132383 0.110052
0 0.470821 0.753080 0.104799 0.114506
0 0.317077 0.754865 0.136506 0.110937
0 0.139195 0.773127 0.129630 0.135890
0 0.098519 0.912133 0.136522 0.114506
0 0.314316 0.909011 0.194428 0.113611
0 0.527013 0.909464 0.149614 0.111831
0 0.708349 0.908569 0.119275 0.110937
0 0.874195 0.909017 0.117150 0.107378
