0 0.223030 0.204131 0.103008 0.068169
0 0.359343 0.190986 0.106907 0.094460
0 0.495678 0.204284 0.095847 0.067207
0 0.626017 0.190904 0.100508 0.095423
0 0.759725 0.204460 0.097161 0.065352
0 0.767097 0.351678 0.110551 0.094671
0 0.649470 0.377289 0.056314 0.130305
0 0.570720 0.355951 0.050254 0.086878
0 0.460148 0.352606 0.105212 0.096526
0 0.322775 0.375998 0.111907 0.126972
0 0.227267 0.349812 0.099195 0.105822
0 0.200657 0.505434 0.053517 0.094108
0 0.338411 0.518322 0.159619 0.067817
0 0.504555 0.518322 0.105636 0.066784
0 0.639047 0.517031 0.100042 0.065235
0 0.772627 0.531209 0.107542 0.091526
0 0.730742 0.671467 0.107500 0.067300
0 0.625805 0.661432 0.052119 0.088920
0 0.516419 0.671854 0.095890 0.069108
0 0.397267 0.673662 0.096822 0.069624
0 0.266716 0.682840 0.107500 0.090516
0 0.199661 0.826056 0.112288 0.067136
0 0.363792 0.826373 0.174788 0.066502
0 0.530275 0.825599 0.112246 0.066831
0 0.672775 0.842629 0.123432 0.102535
0 0.809301 0.825657 0.096314 0.067042
