0 0.149936 0.150206 0.120298 0.093176
0 0.397766 0.150206 0.092468 0.082353
0 0.618319 0.144426 0.116979 0.093912
0 0.865021 0.147132 0.102468 0.080853
0 0.141021 0.289162 0.095830 0.090853
0 0.398872 0.289559 0.092468 0.088529
0 0.623319 0.282618 0.113617 0.087000
0 0.867809 0.284926 0.105830 0.091618
0 0.145468 0.421206 0.015617 0.090059
0 0.389957 0.421971 0.061277 0.079294
0 0.629447 0.420824 0.096936 0.086235
0 0.865021 0.423132 0.080170 0.084676
0 0.153277 0.553235 0.173787 0.084706
0 0.392191 0.555544 0.110255 0.080088
0 0.635596 0.554397 0.095787 0.083912
0 0.856106 0.544000 0.106936 0.109294
0 0.148255 0.675647 0.125872 0.098529
0 0.395000 0.676426 0.095787 0.084676
0 0.623872 0.677574 0.123660 0.088559
0 0.866149 0.674882 0.118085 0.093941
0 0.149936 0.807676 0.109149 0.094706
0 0.396106 0.805765 0.106936 0.097000
0 0.613298 0.807294 0.111362 0.093941
0 0.861128 0.807309 0.119191 0.092382
0 0.154383 0.933941 0.173787 0.096235
0 0.400489 0.933559 0.122681 0.100059
0 0.629447 0.935485 0.105787 0.086971
0 0.871170 0.930088 0.110255 0.097765
