0 0.165024 0.156933 0.101153 0.070033
0 0.330694 0.156667 0.088306 0.068433
0 0.497882 0.156933 0.093600 0.071100
0 0.664694 0.155867 0.089059 0.067900
0 0.831494 0.156667 0.081529 0.068433
0 0.166106 0.291275 0.075176 0.066083
0 0.330047 0.292550 0.098729 0.069933
0 0.495353 0.291267 0.092400 0.069933
0 0.663365 0.291592 0.033506 0.066717
0 0.825941 0.290308 0.076071 0.069283
0 0.829565 0.426958 0.101435 0.071850
0 0.662906 0.426642 0.094188 0.068650
0 0.498071 0.426642 0.110494 0.068650
0 0.334129 0.425675 0.079694 0.066717
0 0.169741 0.426000 0.102353 0.069933
0 0.166118 0.561375 0.080612 0.066083
0 0.334576 0.564575 0.104165 0.073783
0 0.501235 0.562017 0.095082 0.067367
0 0.663365 0.560408 0.091482 0.073150
0 0.830012 0.561050 0.093294 0.068000
0 0.832741 0.695458 0.107788 0.068650
0 0.664271 0.695458 0.102329 0.068650
0 0.496706 0.695783 0.133129 0.070567
0 0.330953 0.694500 0.104165 0.068000
0 0.164294 0.695783 0.093294 0.070567
0 0.165200 0.829867 0.091482 0.068000
