0 0.135830 0.117500 0.067745 0.070588
0 0.315936 0.115882 0.064043 0.068647
0 0.494149 0.115647 0.065915 0.066588
0 0.673745 0.115897 0.072426 0.067382
0 0.854745 0.116544 0.066851 0.066088
0 0.138617 0.271794 0.056638 0.068647
0 0.315447 0.272118 0.072426 0.069294
0 0.495532 0.271471 0.072426 0.069294
0 0.675596 0.272441 0.055702 0.069941
0 0.851021 0.270191 0.059404 0.071853
0 0.137681 0.424485 0.064043 0.069912
0 0.318255 0.425118 0.059404 0.068647
0 0.493213 0.425441 0.093745 0.068000
0 0.675149 0.423515 0.071489 0.065441
0 0.854298 0.417118 0.067745 0.083412
0 0.136298 0.580382 0.077957 0.068647
0 0.317766 0.580074 0.064043 0.065441
0 0.493660 0.583279 0.077957 0.076971
0 0.676170 0.582353 0.069787 0.070000
0 0.857532 0.580059 0.077957 0.069294
0 0.135383 0.735324 0.063106 0.069294
0 0.318234 0.734368 0.078000 0.073794
0 0.493213 0.734691 0.075191 0.070559
0 0.675596 0.734676 0.115106 0.069294
0 0.852426 0.734368 0.067745 0.069912
0 0.135383 0.887706 0.064979 0.069941
0 0.312191 0.889294 0.065915 0.068000
