0 0.142076 0.155495 0.107542 0.073934
0 0.322945 0.155886 0.093432 0.068529
0 0.503263 0.155495 0.097797 0.072372
0 0.684661 0.155871 0.089068 0.070060
0 0.862288 0.154730 0.083644 0.070841
0 0.857945 0.312162 0.105381 0.068529
0 0.697161 0.309084 0.081441 0.066997
0 0.580381 0.311787 0.034746 0.069279
0 0.447860 0.311006 0.093432 0.070841
0 0.282966 0.309084 0.101017 0.070060
0 0.136631 0.309474 0.074958 0.066216
0 0.138242 0.464985 0.080381 0.072372
0 0.313157 0.464985 0.108602 0.070811
0 0.501631 0.463829 0.092331 0.068498
0 0.686292 0.463829 0.105381 0.074685
0 0.861758 0.464595 0.080381 0.073153
0 0.853051 0.618183 0.095593 0.069279
0 0.675445 0.617027 0.092331 0.071592
0 0.503263 0.618574 0.089068 0.074685
0 0.332712 0.616261 0.095593 0.070060
0 0.148030 0.619745 0.104280 0.078529
0 0.141525 0.770661 0.102119 0.069249
0 0.306102 0.772943 0.137966 0.069309
0 0.469597 0.772943 0.104280 0.072372
0 0.664576 0.772162 0.103220 0.072372
0 0.855763 0.772553 0.094492 0.066967
