0 0.081653 0.051985 0.157966 0.102526
0 0.380127 0.051534 0.144322 0.101624
0 0.642140 0.052899 0.142754 0.102552
0 0.922373 0.050245 0.153390 0.100490
0 0.082436 0.201198 0.126059 0.101624
0 0.368729 0.201649 0.118475 0.100722
0 0.644407 0.199807 0.159492 0.104407
0 0.920106 0.200735 0.145805 0.100696
0 0.047500 0.351778 0.053136 0.103454
0 0.343686 0.350387 0.095678 0.104381
0 0.649725 0.349008 0.145805 0.103479
0 0.906419 0.348080 0.121483 0.101624
0 0.109004 0.501430 0.182246 0.101624
0 0.380127 0.500515 0.141271 0.103454
0 0.646695 0.500052 0.157966 0.104381
0 0.917055 0.501894 0.142754 0.100696
0 0.092288 0.658492 0.157966 0.121933
0 0.383157 0.650644 0.147331 0.100722
0 0.634555 0.650193 0.148856 0.101624
0 0.891992 0.650180 0.120000 0.099794
0 0.086229 0.802616 0.139746 0.105335
0 0.340636 0.803544 0.162542 0.101624
0 0.640614 0.801688 0.224788 0.103479
0 0.912521 0.802152 0.164025 0.098840
0 0.078644 0.948595 0.154915 0.101624
0 0.342203 0.949871 0.141186 0.100258
