0 0.140923 0.207170 0.144264 0.106430
0 0.322037 0.207173 0.120736 0.101995
0 0.497663 0.204952 0.139554 0.101995
0 0.680343 0.207173 0.131719 0.101995
0 0.863023 0.206618 0.108197 0.103105
0 0.142493 0.341315 0.106627 0.106430
0 0.320470 0.336880 0.152100 0.097560
0 0.500796 0.336880 0.133289 0.101990
0 0.679558 0.338543 0.076839 0.103105
0 0.857535 0.337435 0.109767 0.103100
0 0.143854 0.471800 0.131980 0.103470
0 0.322871 0.469952 0.095389 0.103475
0 0.499936 0.469952 0.156803 0.101625
0 0.682875 0.470415 0.141124 0.102550
0 0.861245 0.470878 0.145050 0.107165
0 0.141238 0.603912 0.124144 0.099775
0 0.329409 0.605297 0.158112 0.115485
0 0.501241 0.602988 0.128055 0.109015
0 0.680916 0.602988 0.113685 0.109015
0 0.860591 0.602065 0.109767 0.103470
0 0.139279 0.730020 0.130679 0.100700
0 0.316994 0.731868 0.135898 0.104395
0 0.499282 0.734175 0.155495 0.096080
0 0.687450 0.734175 0.139823 0.105320
0 0.858632 0.734638 0.137207 0.106245
0 0.142546 0.865825 0.121528 0.102550
